9781447218296
9780822208389
9780399549199
9780764118128
9788184974560
9780674631113
9780141389103
9781350035959
9781442456860
9780141185101
9780738665474
9780313330568
9781410336330
9781609339043
9781101615218
9781438139975
9781493860869
9780142000656
9780241960110
9781474225588
9780582506244
9780521768740
9781920693596
9780008228323
9781444920451
9780415262903
9781488026034
9781101583821
9781799031697
9788862080699
9780801471810
9780330462136
9781781106945
9781781105757
9781911641926
9780563533375
9781781106464
9781781100226
9781476635521
9781781109502
9780715141069
9780826215499
9781444003147
9781444008555
9780955679308
9781402256752
9781317776338
9780878057580
9780878054060
9780801874505
9781444358292
9781920845483
9780439043830
9781893905429
9781885477224
9780878054992
9780857284495
9780813533636
9780415235624
9781594741791
9780470672600
9781903364000
9780786484805
9780813550398
9780203882184
9780810850132
9781786032720
9781906838560
9780415892902
9781845931230
9780822332879
9781423623823
9780226098678
9781849944847
9780810160651
9780871699237
9780253347138
9781439177747
9781466872240
9780765398161
9780987055309
9781476798646
9781416543831
9780415212601
9780415164177
9780812215229
9780815315117
9781775417927
9781843842217
9780838910450
9780262541787
9780521388184
9780674792913
9780262140881
9781139474399
9780807740996
9781610164313
9780521542937
9780802818164
9780575086876
9780671039738
9781682616079
9781848940833
9781982137991
9781982102326
9781501156700
9781982127794
9781501143779
9781982110567
9781250048097
9781446439746
9781539092346
9780099586579
9781848941328
9781473567856
9781448183739
9781538750131
9780356043388
9781425980245
9781444920468
9781429971768
9780307795731
9783836563406
9781302457754
9781473564596
9781781166178
9780439882828
9780062484246
9781452166797
9780395866191
9781624960703
9780007269709
9780547952093
9780007269723
9780395285237
9780008131401
9780618260225
9780486242132
9780007169702
9781594535680
9780778717546
9781623494360
9780435375942
9781412067102
9780143123712
9780643099319
9780691016368
9780080491981
9781338312911
9781859846667
9781317122111
9780307766335
9781459612853
9780393974379
9782259212922
9781629116235
9780465073825
9780141378572
9789793780146
9788131755440
9780596002886
9780080568782
9781593270612
9780130170071
9780132778046
9781565924857
9780070617131
9781423902294
9783734039836
9781469112930
9780333408117